J = 0.068;
b = 0.03475;
R = 7.56;
L = 0.055;
mu = 0.0039;
K = 3.475;